Session,Date,Motivation,Day_session,n_level
0,xxx_xxx_xx,0,0,1
1,2018_Jul_05,5,1,2
2,2018_Jul_05,5,2,1
3,2018_Jul_05,5,3,2
4,2018_Jul_05,3,4,3
5,2018_Jul_06,4,1,4
6,2018_Jul_06,5,2,4
7,2018_Jul_06,4,3,4
10,2018_Jul_05,5,1,5
11,2018_Jul_05,5,2,5
12,2018_Jul_05,5,3,4
13,2018_Jul_05,3,4,4
14,2018_Jul_06,4,1,4
15,2018_Jul_06,5,2,4
16,2018_Jul_06,4,3,5
17,2018_Jul_06,4,4,5
18,2018_Jul_06,4,5,5
19,2018_Jul_05,5,1,4
20,2018_Jul_05,5,2,4
21,2018_Jul_05,5,3,4
22,2018_Jul_05,3,4,4
23,2018_Jul_06,4,1,5
24,2018_Jul_06,5,2,5
25,2018_Jul_06,4,3,5
26,2018_Jul_06,4,4,4
27,2018_Jul_06,4,5,4
28,2018_Jul_07,5,1,4
29,2018_Jul_08,5,2,4
30,2018_Jul_09,5,3,5
31,2018_Jul_10,3,4,5
32,2018_Jul_11,4,1,5
33,2018_Jul_12,5,2,4
34,2018_Jul_13,4,3,4
35,2018_Jul_14,4,4,4
36,2018_Jul_15,4,5,4
37,2018_Jul_16,5,1,5
38,2018_Jul_17,5,2,5
39,2018_Jul_18,5,3,5
40,2018_Jul_19,3,4,4
41,2018_Jul_20,4,1,4
42,2018_Jul_21,5,2,4
43,2018_Jul_22,4,3,4
44,2018_Jul_23,4,4,5
45,2018_Jul_24,4,5,5
46,2018_Jul_25,5,1,5
47,2018_Jul_26,5,2,4
48,2018_Jul_27,5,3,4
49,2018_Jul_28,3,4,4
50,2018_Jul_29,4,1,4
51,2018_Jul_30,5,2,5
52,2018_Aug_01,4,3,5
53,2018_Aug_02,4,4,5
54,2018_Aug_03,4,5,4
55,2018_Aug_04,5,1,4
56,2018_Aug_05,5,2,4
57,2018_Aug_06,5,3,4
58,2018_Aug_07,3,4,5
59,2018_Aug_08,4,1,5
60,2018_Aug_09,5,2,5
61,2018_Aug_10,4,3,4
62,2018_Aug_11,4,4,4
63,2018_Aug_12,4,5,4
64,2018_Aug_13,5,1,4
65,2018_Aug_14,5,2,5
66,2018_Aug_15,5,3,5
67,2018_Aug_16,3,4,5
68,2018_Aug_17,4,1,4
69,2018_Aug_18,5,2,4
70,2018_Aug_19,4,3,4
71,2018_Aug_20,4,4,4
72,2018_Aug_21,4,5,5
73,2018_Aug_22,5,1,5
74,2018_Aug_23,5,2,5
75,2018_Aug_24,5,3,4
76,2018_Aug_25,3,4,4
77,2018_Aug_26,4,1,4
78,2018_Aug_27,5,2,4
79,2018_Aug_28,4,3,5
80,2018_Aug_29,4,4,5
81,2018_Aug_30,4,5,5
82,2018_Sep_01,5,1,4
83,2018_Sep_02,5,2,4
84,2018_Sep_03,5,3,4
85,2018_Sep_04,3,4,4
86,2018_Sep_05,4,1,5
87,2018_Sep_06,5,2,5
88,2018_Sep_07,4,3,5
89,2018_Sep_08,4,4,4
90,2018_Sep_09,4,5,4
91,2018_Sep_10,5,1,4
92,2018_Sep_11,5,2,4
93,2018_Sep_12,5,3,5
94,2018_Sep_13,3,4,5
95,2018_Sep_14,4,1,5
96,2018_Sep_15,5,2,4
97,2018_Sep_16,4,3,4
98,2018_Sep_17,4,4,4
99,2018_Sep_18,4,5,4
100,2018_Sep_19,5,1,5
101,2018_Sep_20,5,2,5
102,2018_Sep_21,5,3,5
103,2018_Sep_22,3,4,4
104,2018_Sep_23,4,1,4
105,2018_Jul_06,5,2,4
106,2018_Jul_06,4,3,4
107,2018_Jul_06,4,4,5
108,2018_Jul_06,4,5,5
109,2018_Jul_05,5,1,5
110,2018_Jul_05,5,2,4
111,2018_Jul_05,5,3,4
112,2018_Jul_05,3,4,4
113,2018_Jul_06,4,1,4
114,2018_Jul_06,5,2,5
115,2018_Jul_06,4,3,5
116,2018_Jul_06,4,4,5
117,2018_Jul_06,4,5,4
118,2018_Jul_05,5,1,4
119,2018_Jul_05,5,2,4
120,2018_Jul_05,5,3,4
121,2018_Jul_05,3,4,5
122,2018_Jul_06,4,1,5
123,2018_Jul_06,5,2,5
124,2018_Jul_06,4,3,4
125,2018_Jul_06,4,4,4
126,2018_Jul_06,4,5,4
127,2018_Jul_05,5,1,4
128,2018_Jul_05,5,2,5
129,2018_Jul_05,5,3,5
130,2018_Jul_05,3,4,5
131,2018_Jul_06,4,1,4
132,2018_Jul_06,5,2,4
133,2018_Jul_06,4,3,4
134,2018_Jul_06,4,4,4
135,2018_Jul_06,4,5,5
136,2018_Jul_05,5,1,5
137,2018_Jul_05,5,2,5
138,2018_Jul_05,5,3,4
139,2018_Jul_05,3,4,4
140,2018_Jul_06,4,1,4
141,2018_Jul_06,5,2,4
142,2018_Jul_06,4,3,5
143,2018_Jul_06,4,4,5
144,2018_Jul_06,4,5,5
145,2018_Jul_05,5,1,4
146,2018_Jul_05,5,2,4
147,2018_Jul_05,5,3,4
148,2018_Jul_05,3,4,4
149,2018_Jul_06,4,1,5
150,2018_Jul_06,5,2,5
151,2018_Jul_06,4,3,5
152,2018_Jul_06,4,4,4
153,2018_Jul_06,4,5,4
154,2018_Jul_05,5,1,4
155,2018_Jul_05,5,2,4
156,2018_Jul_05,5,3,5
157,2018_Jul_05,3,4,5
158,2018_Jul_06,4,1,5
159,2018_Jul_06,5,2,4
160,2018_Jul_06,4,3,4
161,2018_Jul_06,4,4,4
162,2018_Jul_06,4,5,4
163,2018_Jul_05,5,1,5
164,2018_Jul_05,5,2,5
165,2018_Jul_05,5,3,5
166,2018_Jul_05,3,4,4
167,2018_Jul_06,4,1,4
168,2018_Jul_06,5,2,4
169,2018_Jul_06,4,3,4
170,2018_Jul_06,4,4,5
171,2018_Jul_06,4,5,5
172,2018_Jul_05,5,1,5
173,2018_Jul_05,5,2,4
174,2018_Jul_05,5,3,4
175,2018_Jul_05,3,4,4
176,2018_Jul_06,4,1,4
177,2018_Jul_06,5,2,5
178,2018_Jul_06,4,3,5
179,2018_Jul_06,4,4,5
180,2018_Jul_06,4,5,4
181,2018_Jul_05,5,1,4
182,2018_Jul_05,5,2,4
183,2018_Jul_05,5,3,4
184,2018_Jul_05,3,4,5
185,2018_Jul_06,4,1,5
186,2018_Jul_06,5,2,5
187,2018_Jul_06,4,3,4
188,2018_Jul_06,4,4,4
189,2018_Jul_06,4,5,4
190,2018_Jul_05,5,1,4
191,2018_Jul_05,5,2,5
192,2018_Jul_05,5,3,5
193,2018_Jul_05,3,4,5
194,2018_Jul_06,4,1,4
195,2018_Jul_06,5,2,4
196,2018_Jul_06,4,3,4
197,2018_Jul_06,4,4,4
198,2018_Jul_06,4,5,5
199,2018_Jul_05,5,1,5
200,2018_Jul_05,5,2,5
201,2018_Jul_05,5,3,4
202,2018_Jul_05,3,4,4
203,2018_Jul_06,4,1,4
204,2018_Jul_06,5,2,4
205,2018_Jul_06,4,3,5
206,2018_Jul_06,4,4,5
207,2018_Jul_06,4,5,5
208,2018_Jul_05,5,1,4
209,2018_Jul_05,5,2,4
210,2018_Jul_05,5,3,4
211,2018_Jul_05,3,4,4
212,2018_Jul_06,4,1,5
213,2018_Jul_06,5,2,5
214,2018_Jul_06,4,3,5
215,2018_Jul_06,4,4,4
216,2018_Jul_06,4,5,4
217,2018_Jul_05,5,1,4
218,2018_Jul_05,5,2,4
219,2018_Jul_05,5,3,5
220,2018_Jul_05,3,4,5
221,2018_Jul_06,4,1,5
222,2018_Jul_06,5,2,4
223,2018_Jul_06,4,3,4
224,2018_Jul_06,4,4,4
225,2018_Jul_06,4,5,4
226,2018_Jul_05,5,1,5
227,2018_Jul_05,5,2,5
228,2018_Jul_05,5,3,5
229,2018_Jul_05,3,4,4
230,2018_Jul_06,4,1,4
231,2018_Jul_06,5,2,4
232,2018_Jul_06,4,3,4
233,2018_Jul_06,4,4,5
234,2018_Jul_06,4,5,5
235,2018_Jul_05,5,1,5
236,2018_Jul_05,5,2,4
237,2018_Jul_05,5,3,4
238,2018_Jul_05,3,4,4
239,2018_Jul_06,4,1,4
240,2018_Jul_06,5,2,5
241,2018_Jul_06,4,3,5
242,2018_Jul_06,4,4,5
243,2018_Jul_06,4,5,4
244,2018_Jul_05,5,1,4
245,2018_Jul_05,5,2,4
246,2018_Jul_05,5,3,4
247,2018_Jul_05,3,4,5
248,2018_Jul_06,4,1,5
249,2018_Jul_06,5,2,5
250,2018_Jul_06,4,3,4
251,2018_Jul_06,4,4,4
252,2018_Jul_06,4,5,4
253,2018_Jul_05,5,1,4
254,2018_Jul_05,5,2,5
255,2018_Jul_05,5,3,5
256,2018_Jul_05,3,4,5
257,2018_Jul_06,4,1,4
258,2018_Jul_06,5,2,4
259,2018_Jul_06,4,3,4
260,2018_Jul_06,4,4,4
261,2018_Jul_06,4,5,5
262,2018_Jul_05,5,1,5
263,2018_Jul_05,5,2,5
264,2018_Jul_05,5,3,4
265,2018_Jul_05,3,4,4
266,2018_Jul_06,4,1,4
267,2018_Jul_06,5,2,4
268,2018_Jul_06,4,3,5
269,2018_Jul_06,4,4,5
270,2018_Jul_06,4,5,5
271,2018_Jul_05,5,1,4
272,2018_Jul_05,5,2,4
273,2018_Jul_05,5,3,4
274,2018_Jul_05,3,4,4
275,2018_Jul_06,4,1,5
276,2018_Jul_06,5,2,5
277,2018_Jul_06,4,3,5
278,2018_Jul_06,4,4,4
279,2018_Jul_06,4,5,4
280,2018_Jul_05,5,1,4
281,2018_Jul_05,5,2,4
282,2018_Jul_05,5,3,5
283,2018_Jul_05,3,4,5
284,2018_Jul_06,4,1,5
285,2018_Jul_06,5,2,4
286,2018_Jul_06,4,3,4
287,2018_Jul_06,4,4,4
288,2018_Jul_06,4,5,4
289,2018_Jul_05,5,1,5
290,2018_Jul_05,5,2,5
291,2018_Jul_05,5,3,5
292,2018_Jul_05,3,4,4
293,2018_Jul_06,4,1,4
294,2018_Jul_06,5,2,4
295,2018_Jul_06,4,3,4
296,2018_Jul_06,4,4,5
297,2018_Jul_06,4,5,5
298,2018_Jul_05,5,1,5
299,2018_Jul_05,5,2,4
300,2018_Jul_05,5,3,4
301,2018_Jul_05,3,4,4
302,2018_Jul_06,4,1,4
303,2018_Jul_06,5,2,5
304,2018_Jul_06,4,3,5
305,2018_Jul_06,4,4,5
306,2018_Jul_06,4,5,4
307,2018_Jul_05,5,1,4
308,2018_Jul_05,5,2,4
309,2018_Jul_05,5,3,4
310,2018_Jul_05,3,4,5
311,2018_Jul_06,4,1,5
312,2018_Jul_06,5,2,5
313,2018_Jul_06,4,3,4
314,2018_Jul_06,4,4,4
315,2018_Jul_06,4,5,4
316,2018_Jul_05,5,1,4
317,2018_Jul_05,5,2,5
318,2018_Jul_05,5,3,5
319,2018_Jul_05,3,4,5
320,2018_Jul_06,4,1,4
321,2018_Jul_06,5,2,4
322,2018_Jul_06,4,3,4
323,2018_Jul_06,4,4,4
324,2018_Jul_06,4,5,5
325,2018_Jul_05,5,1,5
326,2018_Jul_05,5,2,5
327,2018_Jul_05,5,3,4
328,2018_Jul_05,3,4,4
329,2018_Jul_06,4,1,4
330,2018_Jul_06,5,2,4
331,2018_Jul_06,4,3,5
332,2018_Jul_06,4,4,5
333,2018_Jul_06,4,5,5
334,2018_Jul_05,5,1,4
335,2018_Jul_05,5,2,4
336,2018_Jul_05,5,3,4
337,2018_Jul_05,3,4,4
338,2018_Jul_06,4,1,5
339,2018_Jul_06,5,2,5
340,2018_Jul_06,4,3,5
341,2018_Jul_06,4,4,4
342,2018_Jul_06,4,5,4
343,2018_Jul_05,5,1,4
344,2018_Jul_05,5,2,4
345,2018_Jul_05,5,3,5
346,2018_Jul_05,3,4,5
347,2018_Jul_06,4,1,5
348,2018_Jul_06,5,2,4
349,2018_Jul_06,4,3,4
350,2018_Jul_06,4,4,4
351,2018_Jul_06,4,5,4
352,2018_Jul_05,5,1,5
353,2018_Jul_05,5,2,5
354,2018_Jul_05,5,3,5
355,2018_Jul_05,3,4,4
356,2018_Jul_06,4,1,4
357,2018_Jul_06,5,2,4
358,2018_Jul_06,4,3,4
359,2018_Jul_06,4,4,5
360,2018_Jul_06,4,5,5
361,2018_Jul_05,5,1,5
362,2018_Jul_05,5,2,4
363,2018_Jul_05,5,3,4
364,2018_Jul_05,3,4,4
365,2018_Jul_06,4,1,4
366,2018_Jul_06,5,2,5
367,2018_Jul_06,4,3,5
368,2018_Jul_06,4,4,5
369,2018_Jul_06,4,5,4
370,2018_Jul_05,5,1,4
371,2018_Jul_05,5,2,4
372,2018_Jul_05,5,3,4
373,2018_Jul_05,3,4,5
374,2018_Jul_06,4,1,5
375,2018_Jul_06,5,2,5
376,2018_Jul_06,4,3,4
377,2018_Jul_06,4,4,4
378,2018_Jul_06,4,5,4
379,2018_Jul_05,5,1,4
380,2018_Jul_05,5,2,5
381,2018_Jul_05,5,3,5
382,2018_Jul_05,3,4,5
383,2018_Jul_06,4,1,4
384,2018_Jul_06,5,2,4
385,2018_Jul_06,4,3,4
386,2018_Jul_06,4,4,4
387,2018_Jul_06,4,5,5
388,2018_Jul_05,5,1,5
389,2018_Jul_05,5,2,5
390,2018_Jul_05,5,3,4
391,2018_Jul_05,3,4,4
392,2018_Jul_06,4,1,4
393,2018_Jul_06,5,2,4
394,2018_Jul_06,4,3,5
395,2018_Jul_06,4,4,5
396,2018_Jul_06,4,5,5